0 0.422419 0.311986 0.022602 0.052879
0 0.079719 0.149236 0.039707 0.042303
0 0.049786 0.062867 0.037263 0.064630
0 0.255956 0.065217 0.032987 0.041128
0 0.282529 0.112221 0.032376 0.045828
0 0.386683 0.149236 0.035431 0.077556
0 0.385461 0.476498 0.017104 0.041128
0 0.603238 0.556404 0.021381 0.048179
0 0.356750 0.053467 0.013439 0.029377
0 0.384239 0.057579 0.018326 0.028202
0 0.222358 0.013514 0.018326 0.024677
0 0.416310 0.819624 0.018937 0.043478
0 0.410812 0.972385 0.014050 0.031727
0 0.799633 0.323149 0.020770 0.103408
0 0.594685 0.155112 0.014050 0.023502
0 0.626756 0.111046 0.017104 0.022327
2 0.513745 0.932432 0.107514 0.052879
1 0.534209 0.083431 0.027489 0.035253
1 0.474343 0.716216 0.025046 0.045828
